0
2
4
6
8
11
13
15
17
19
21
23
25
27
29
32
34
36
38
40
42
44
46
48
50
53
55
57
59
61
63
65
67
69
71
74
76
78
80
82
84
86
88
90
92
95
97
99
101
103
105
107
109
111
114
116
118
120
122
124
126
128
130
132
135
137
139
141
143
145
147
149
151
153
156
158
160
162
164
166
168
170
172
174
177
179
181
183
185
187
189
191
193
195
198
200
202
204
206
208
210
212
214
217
219
221
223
225
227
229
231
233
235
238
240
242
244
246
248
250
252
254
256
259
261
263
265
267
269
271
273
275
277
280
282
284
286
288
290
292
294
296
298
301
303
305
307
309
311
313
315
317
320
322
324
326
328
330
332
334
336
338
341
343
345
347
349
351
353
355
357
359
362
364
366
368
370
372
374
376
378
380
383
385
387
389
391
393
395
397
399
402
404
406
408
410
412
414
416
418
420
423
425
427
429
431
433
435
437
439
441
444
446
448
450
452
454
456
458
460
462
465
467
469
471
473
475
477
479
481
483
486
488
490
492
494
496
498
500
502
505
507
509
511
513
515
517
519
521
523
526
528
530
532
534
536
538
540
542
544
547
549
551
553
555
557
559
561
563
565
568
570
572
574
576
578
580
582
584
586
589
591
593
595
597
599
601
603
605
608
610
612
614
616
618
620
622
624
626
629
631
633
635
637
639
641
643
645
647
650
652
654
656
658
660
662
664
666
668
671
673
675
677
679
681
683
685
687
689
692
694
696
698
700
702
704
706
708
711
713
715
717
719
721
723
725
727
729
732
734
736
738
740
742
744
746
748
750
753
755
757
759
761
763
765
767
769
771
774
776
778
780
782
784
786
788
790
792
795
797
799
801
803
805
807
809
811
814
816
818
820
822
824
826
828
830
832
835
837
839
841
843
845
847
849
851
853
856
858
860
862
864
866
868
870
872
874
877
879
881
883
885
887
889
891
893
895
898
900
902
904
906
908
910
912
914
917
919
921
923
925
927
929
931
933
935
938
940
942
944
946
948
950
952
954
956
959
961
963
965
967
969
971
973
975
977
980
982
984
986
988
990
992
994
996
998
1001
1003
1005
1007
1009
1011
1013
1015
1017
1020
1022
1024
1026
1028
1030
1032
1034
1036
1038
1041
1043
1045
1047
1049
1049
1047
1045
1043
1041
1038
1036
1034
1032
1030
1028
1026
1024
1022
1020
1017
1015
1013
1011
1009
1007
1005
1003
1001
998
996
994
992
990
988
986
984
982
980
977
975
973
971
969
967
965
963
961
959
956
954
952
950
948
946
944
942
940
938
935
933
931
929
927
925
923
921
919
917
914
912
910
908
906
904
902
900
898
895
893
891
889
887
885
883
881
879
877
874
872
870
868
866
864
862
860
858
856
853
851
849
847
845
843
841
839
837
835
832
830
828
826
824
822
820
818
816
814
811
809
807
805
803
801
799
797
795
792
790
788
786
784
782
780
778
776
774
771
769
767
765
763
761
759
757
755
753
750
748
746
744
742
740
738
736
734
732
729
727
725
723
721
719
717
715
713
711
708
706
704
702
700
698
696
694
692
689
687
685
683
681
679
677
675
673
671
668
666
664
662
660
658
656
654
652
650
647
645
643
641
639
637
635
633
631
629
626
624
622
620
618
616
614
612
610
608
605
603
601
599
597
595
593
591
589
586
584
582
580
578
576
574
572
570
568
565
563
561
559
557
555
553
551
549
547
544
542
540
538
536
534
532
530
528
526
523
521
519
517
515
513
511
509
507
505
502
500
498
496
494
492
490
488
486
483
481
479
477
475
473
471
469
467
465
462
460
458
456
454
452
450
448
446
444
441
439
437
435
433
431
429
427
425
423
420
418
416
414
412
410
408
406
404
402
399
397
395
393
391
389
387
385
383
380
378
376
374
372
370
368
366
364
362
359
357
355
353
351
349
347
345
343
341
338
336
334
332
330
328
326
324
322
320
317
315
313
311
309
307
305
303
301
298
296
294
292
290
288
286
284
282
280
277
275
273
271
269
267
265
263
261
259
256
254
252
250
248
246
244
242
240
238
235
233
231
229
227
225
223
221
219
217
214
212
210
208
206
204
202
200
198
195
193
191
189
187
185
183
181
179
177
174
172
170
168
166
164
162
160
158
156
153
151
149
147
145
143
141
139
137
135
132
130
128
126
124
122
120
118
116
114
111
109
107
105
103
101
99
97
95
92
90
88
86
84
82
80
78
76
74
71
69
67
65
63
61
59
57
55
53
50
48
46
44
42
40
38
36
34
32
29
27
25
23
21
19
17
15
13
11
8
6
4
2
0
